0 0 -7.941953685877174429208480432862415909767150878906 
0 1 0.195847874696403856376036856090649962425231933594 
0 2 0.162294464344427125102043873994261957705020904541 
0 3 0.000000000000000000000000000000000000000000000000 
0 4 0.000000000000000000000000000000000000000000000000 
1 0 0.195847874696403856376036856090649962425231933594 
1 1 -1.589019291950144463498872937634587287902832031250 
1 2 -0.418673529548896194985019292289507575333118438721 
1 3 0.000000000000000000000000000000000000000000000000 
1 4 0.000000000000000000000000000000000000000000000000 
2 0 0.162294464344427125102043873994261957705020904541 
2 1 -0.418673529548896194985019292289507575333118438721 
2 2 -0.948313805804996023951503048010636121034622192383 
2 3 0.000000000000000000000000000000000000000000000000 
2 4 0.000000000000000000000000000000000000000000000000 
3 0 0.000000000000000000000000000000000000000000000000 
3 1 0.000000000000000000000000000000000000000000000000 
3 2 0.000000000000000000000000000000000000000000000000 
3 3 -0.827799689377235248244346621504519134759902954102 
3 4 -0.000000000000000034694469519536148051214311666993 
4 0 0.000000000000000000000000000000000000000000000000 
4 1 0.000000000000000000000000000000000000000000000000 
4 2 0.000000000000000000000000000000000000000000000000 
4 3 -0.000000000000000034694469519536148051214311666993 
4 4 -0.827799689377234804155136771441902965307235717773 
5 5 -0.827799689377235248244346621504519134759902954102 
6 6 -0.827799689377235248244346621504519134759902954102 
7 7 -0.827799689377235248244346621504519134759902954102 
8 8 -1.104883566516417392477933390182442963123321533203 
8 9 -0.476033776352160098443988545113825239241123199463 
9 8 -0.476033776352160098443988545113825239241123199463 
9 9 -1.307886141076548547346192208351567387580871582031 
10 10 -1.104883566516417392477933390182442963123321533203 
10 11 -0.476033776352160098443988545113825239241123199463 
11 10 -0.476033776352160098443988545113825239241123199463 
11 11 -1.307886141076548547346192208351567387580871582031 
12 12 -1.104883566516417392477933390182442963123321533203 
12 13 -0.476033776352160098443988545113825239241123199463 
13 12 -0.476033776352160098443988545113825239241123199463 
13 13 -1.307886141076548547346192208351567387580871582031 
